1.658985 4.285136 0
-3.453687 3.424321 0
4.838138 -1.151539 0
-5.379713 -3.362104 0
0.972564 2.924086 0
-3.567919 1.531611 0
0.450614 -3.302219 0
-3.487105 -1.724432 0
2.668759 1.594842 0
-3.156485 3.191137 0
3.165506 -3.999838 1
-2.786837 -3.099354 0
4.208187 2.984927 0
-2.123337 2.943366 4
0.704199 -0.479481 0
-0.39237 -3.963704 0
2.831667 1.574018 0
-0.790153 3.343144 0
2.943496 -3.357075 0
-3.195883 -2.283926 2
2.336445 2.875106 0
-1.786345 2.554248 0
2.190101 -1.90602 0
-3.403367 -2.778288 2
1.778124 3.880832 0
-1.688346 2.230267 0
2.592976 -2.054368 3
-4.007257 -3.207066 0
2.257734 3.387564 5
-2.679011 0.785119 0
0.939512 -4.023563 0
-3.674424 -2.261084 2
2.046259 2.735279 0
-3.18947 1.780269 0
4.372646 -0.822248 0
-2.579316 -3.497576 0
1.889034 5.1904 0
-0.798747 2.185588 0
2.83652 -2.658556 3
-3.837877 -3.253815 0
2.096701 3.886007 5
-2.709034 2.923887 4
3.367037 -3.184789 1
-2.121479 -4.232586 0
2.329546 3.179764 5
-3.284816 3.273099 0
3.091414 -3.815232 1
-3.762093 -2.432191 2
3.542056 2.778832 0
-1.736822 4.241041 0
2.127073 -2.98368 3
-4.323818 -3.938116 0
3.792121 5.135768 0
-4.786473 3.358547 0
2.624081 -3.260715 0
-4.009299 -2.978115 0
2.493525 1.96371 0
-2.513661 2.642162 4
1.864375 -3.176309 0
-3.171184 -3.572452 0
2.89422 2.489128 0
-2.562539 2.884438 4
3.491078 -3.947487 1
-2.565729 -2.012114 0
3.332948 3.983102 0
-1.616805 3.573188 0
2.280615 -2.559444 3
-2.651229 -3.103198 0
2.321395 3.154987 5
-1.685703 2.939697 0
3.031012 -3.620252 1
-4.599622 -2.185829 0
4.196223 1.126677 0
-2.133863 3.093686 0
4.668892 -2.562705 0
-2.793241 -2.149706 0
2.884105 3.043438 5
-2.967647 2.848696 4
4.479332 -1.764772 0
-4.905566 -2.91107 0
